2025.95403384	-100.0
2837.06863119	-100.0
2837.0686355	20.0
2837.06867806	32.5862643887
2837.06870017	40.0
2837.06888467	52.5862230669
2837.06898053	60.0
2837.06947755	72.5861044905
2837.06973579	80.0
2837.07078463	92.5858430735
2837.0713296	100.0
2837.07323873	112.585352255
2837.07423072	120.0
2837.07737835	132.584524329
2837.07901404	140.0
2837.08384881	152.583230238
2837.08636167	160.0
2837.09340342	172.581319316
2837.0970644	180.0
2837.10690497	192.578619006
2837.1120233	200.0
2837.11894647	207.423789294
2837.13225161	220.0
2837.14975776	232.570048448
2837.15887685	240.0
2837.18139813	252.563720373
2837.19314325	260.0
2837.20798487	267.441596973
2837.23641442	280.0
2837.27170764	292.545658472
2837.29017632	300.0
2837.33337914	312.533324172
2837.35604059	320.0
2837.40827134	332.518345732
2837.43574817	340.0
2837.49820228	352.500359543
2837.53117329	360.0
2837.57034743	367.514069487
2837.64432788	380.0
2837.73112177	392.453775645
2837.77736634	400.0
2837.87842783	412.424314434
2837.93259081	420.0
2838.04941657	432.390116687
2838.11245688	440.0
2838.24661425	452.350677149
2838.31957983	460.0
2838.47270347	472.305459307
2838.55674146	480.0
2838.73052887	492.253894227
2838.82689745	500.0
2839.02310343	512.195379313
2839.13318553	520.0
2839.35361515	532.129276971
2839.47893419	540.0
2839.72543414	552.054913172
2839.86767231	560.0
2840.14212042	571.971575915
2840.30313957	580.0
2840.60743209	591.878513581
2840.78929784	600.0
2841.12533417	611.774933167
2841.33034356	620.0
2841.70000801	631.659998398
2841.93072121	640.0
2842.3358614	651.53282772
2842.59513804	660.0
2843.03753923	671.392492153
2843.32858009	680.0
2843.80993494	691.238013013
2844.13632967	700.0
2844.65820253	711.068359494
2845.02398433	720.0
2845.58776939	730.882446122
2845.99747768	740.0
2846.45545352	749.291090704
2847.06310192	760.0
2847.71395812	770.457208377
2848.22753238	780.0
2848.92292494	790.215415012
2849.49785425	800.0
2850.23791027	809.952417946
2850.88159148	820.0
2851.6659193	829.666816139
2852.38673811	840.0
2853.21431705	849.35713659
2854.02179194	860.0
2854.8908424	869.021831519
2855.79579074	880.0
2856.70362088	888.659275825
2857.71835067	900.0
2858.66117503	908.267764994
2859.79970681	920.0
2860.77243127	927.845513746
2862.0507552	940.0
2863.04672109	947.390655782
2864.48309542	960.0
2866.1212318	973.224246361
2867.10907234	980.0
2868.12369943	986.375260113
2869.94181453	1000.0
2870.94694913	1005.81061017
2872.99526569	1020.0
2875.3631639	1035.07263278
2876.28420323	1040.0
2877.21654519	1044.55669096
2879.82423522	1060.0
2880.68476874	1063.86304625
2883.63176169	1080.0
2884.3896993	1083.12206014
2887.72387891	1100.0
2888.34158812	1102.33168238
2892.11819275	1120.0
2896.6400392	1139.32800784
2896.83248713	1140.0
2897.02142648	1140.5957147
2900.0	1152.48143381
2903.17116654	1159.36576669
2903.40533733	1160.0
2912.15517046	1177.56896591
2913.11630812	1180.0
2921.57159935	1195.68568013
2923.39748546	1200.0
2931.41227536	1213.71754493
2934.25749726	1220.0
2941.66032889	1231.66793422
2945.69691899	1240.0
2952.28692121	1249.54261576
2957.70422571	1260.0
2963.2465027	1267.35069946
2970.24963358	1280.0
2974.46975219	1285.10604956
2983.27547275	1300.0
2985.85267976	1302.82946405
2996.68061173	1320.0
2997.23902001	1320.552196
3000.0	1324.66514898
3004.41230657	1320.0
3005.05950105	1318.98809979
3020.367891	1300.0
3022.92326758	1295.41534648
3033.67300776	1280.0
3037.33980913	1272.53203817
3044.98543721	1260.0
3049.28510615	1250.14297877
3054.74826837	1240.0
3059.38171608	1228.12365678
3063.27310342	1220.0
3068.0480999	1206.39038002
3070.78692207	1200.0
3075.57763984	1184.88447203
3077.45997131	1180.0
3082.18327985	1163.56334403
3083.42313818	1160.0
3088.02412775	1142.39517445
3088.77919608	1140.0
3093.2220282	1121.35559436
3093.61032854	1120.0
3097.8722834	1100.42554332
3097.98330793	1100.0
3100.0	1089.88053088
3103.10694229	1080.0
3103.2670901	1079.34658198
3108.83804793	1060.0
3109.25468008	1058.14906398
3114.04613443	1040.0
3114.65244063	1037.06951187
3118.78796163	1020.0
3119.5312716	1016.09374568
3123.11202789	1000.0
3123.95071048	995.209857903
3127.06010704	980.0
3127.96122107	974.407755786
3130.66844731	960.0
3131.60594192	953.678811616
3133.96871674	940.0
3134.92203889	933.015592222
3136.98875624	920.0
3137.94176325	912.411647351
3139.753185	900.0
3140.69328823	891.861342354
3142.28389124	880.0
3143.20137669	871.359724663
3144.60043331	860.0
3145.48791874	850.902416253
3146.72036977	840.0
3147.57236826	830.485526349
3148.65953291	820.0
3149.47209991	810.105580018
3150.43225687	800.0
3151.2027033	789.759459341
3152.05156891	780.0
3152.7782268	769.444354639
3153.52935073	760.0
3154.19598121	750.839196242
3154.87647515	740.0
3155.51370953	728.897258094
3156.10292255	720.0
3156.69573253	708.660853494
3157.2178803	700.0
3157.76706905	688.446586191
3158.22982828	680.0
3158.7365406	668.252691879
3159.14661246	660.0
3159.61225994	648.077548012
3159.97550853	640.0
3160.40170714	627.919658572
3160.72327716	620.0
3161.11179517	607.777640966
3161.39621193	600.0
3161.74892649	587.650214703
3162.00018129	580.0
3162.31904211	567.536191579
3162.54066509	560.0
3162.82766421	547.434467157
3163.02278664	540.0
3163.19469647	532.638939295
3163.45134091	520.0
3163.68064043	507.263871914
3163.83081918	500.0
3164.03425581	487.193148837
3164.16543085	480.0
3164.34495337	467.131009326
3164.45912264	460.0
3164.61663262	447.076673477
3164.7155955	440.0
3164.85293773	427.029412455
3164.93831956	420.0
3165.05727435	406.988545129
3165.13054736	400.0
3165.23282438	386.953435125
3165.29532551	380.0
3165.3483343	373.069666861
3165.43550499	360.0
3165.50924968	346.898150063
3165.55375031	340.0
3165.6154792	326.87690416
3165.65254754	320.0
3165.70364946	306.859270108
3165.73421145	300.0
3165.77598979	286.844802042
3165.80089178	280.0
3165.83456364	266.833087271
3165.85457874	260.0
3165.88127455	246.82374509
3165.89710796	240.0
3165.91787134	226.816425732
3165.93016468	220.0
3165.94595269	206.810809463
3165.95528756	200.0
3165.96697103	186.806605793
3165.9738719	180.0
3165.98223602	166.803552797
3165.9871725	160.0
3165.99056152	153.198112303
3165.99630613	140.0
3166.00004753	126.799990494
3166.00225362	120.0
3166.00452352	106.799095295
3166.00586161	100.0
3166.00710895	86.7985782099
3166.00784412	80.0
3166.00843532	66.7983129363
3166.00878373	60.0
3166.00900322	46.7981993569
3166.00913256	40.0
3166.00918319	26.7981633614
3166.00921303	20.0
3166.00921641	-100.0
3166.00921839	-100.0
3231.13826278	-100.0
3231.13826731	20.0
3231.1383157	33.7723368599
3231.13833521	40.0
3231.13854497	53.7722910065
3231.13862955	60.0
3231.13919453	73.7721610938
3231.13942235	80.0
3231.14061438	93.7718771236
3231.14109506	100.0
3231.1432643	113.771347139
3231.1441391	120.0
3231.14771455	133.770457091
3231.14915663	140.0
3231.15464665	153.769070669
3231.1568615	160.0
3231.16485444	173.767029111
3231.16808032	180.0
3231.17924513	193.764150973
3231.18375375	200.0
3231.1988406	213.76023188
3231.20493796	220.0
3231.22477882	233.755044237
3231.23280626	240.0
3231.25831538	253.748336925
3231.26865092	260.0
3231.30082522	273.739834955
3231.31388522	280.0
3231.35380446	293.729239109
3231.3700456	300.0
3231.41887231	313.716225539
3231.4387941	320.0
3231.49777325	333.70044535
3231.52192097	340.0
3231.59237922	353.681524156
3231.62134748	360.0
3231.6557359	366.331147179
3231.73912896	380.0
3231.83684562	393.632630876
3231.87745807	400.0
3231.99110913	413.601778174
3232.03866823	420.0
3232.16988916	433.566022168
3232.22523745	440.0
3232.37573285	453.524853431
3232.43979218	460.0
3232.61133075	473.477733851
3232.68511163	480.0
3232.87951989	493.424096022
3232.96413216	500.0
3233.18328692	513.363342615
3233.27995212	520.0
3233.5257713	533.29484574
3233.63583678	540.0
3233.91026859	553.217946281
3234.03522373	560.0
3234.34023381	573.131953238
3234.4817284	580.0
3234.81928478	593.036143044
3234.97915002	600.0
3235.35120553	612.929758894
3235.5314778	620.0
3235.93994968	632.812010063
3236.14289743	640.0
3236.58964376	652.682071248
3236.81779795	660.0
3237.30459045	672.539081911
3237.56077883	680.0
3238.08927172	692.382145656
3238.37665748	700.0
3238.94835178	712.210329643
3239.27047695	720.0
3239.88667977	732.022664045
3240.24751398	740.0
3240.90929212	751.818141576
3241.31328732	760.0
3242.02141448	771.595717104
3242.47356624	780.0
3243.22846317	791.354307366
3243.73437924	800.0
3244.53604584	811.092790832
3245.10202291	820.0
3245.73333467	829.146666934
3246.58307083	840.0
3247.47619872	850.504760256
3248.18438236	860.0
3249.12093426	870.175813147
3249.91311127	880.0
3250.7998833	890.159976659
3251.77671396	900.0
3252.79151632	909.441696736
3253.78295702	920.0
3254.83060541	929.033878918
3255.93992381	940.0
3257.01465754	948.597068492
3258.25601974	960.0
3259.35067667	968.129864667
3260.73997556	980.0
3261.84578812	987.630842376
3263.40084809	1000.0
3264.50721284	1007.09855743
3266.24801746	1020.0
3267.3422344	1026.53155312
3269.29117965	1040.0
3270.35815735	1045.92836853
3272.54033291	1060.0
3273.56225439	1065.28754912
3276.00575595	1080.0
3276.96169995	1084.60766001
3279.69797541	1100.0
3282.8696451	1116.57392902
3283.62771905	1120.0
3284.37431821	1123.12513636
3287.80585021	1140.0
3288.40047905	1142.31990419
3292.2432773	1160.0
3292.64766261	1161.47046748
3296.95083026	1180.0
3297.12075849	1180.5758483
3300.0	1192.18293529
3300.85318538	1199.82936292
3300.86957011	1200.0
3303.19220456	1219.36155909
3303.25786807	1220.0
3305.69170229	1238.86165954
3305.81712289	1240.0
3308.36256051	1258.3274879
3308.56000995	1260.0
3311.21655867	1277.75668827
3311.50041991	1280.0
3314.26646516	1297.14670697
3314.65361481	1300.0
3317.52613615	1316.49477277
3318.03640697	1320.0
3318.6221004	1323.72442008
3321.66736319	1340.0
3324.73626461	1355.05274708
3325.56703584	1360.0
3328.72081732	1374.25583654
3329.75822077	1380.0
3330.97348844	1386.19469769
3334.26623747	1400.0
3337.54509931	1412.49098014
3339.11921836	1420.0
3342.42782449	1431.5144351
3344.34837638	1440.0
3347.65520145	1450.46895971
3349.98818445	1460.0
3353.25151284	1469.34969743
3356.0763271	1480.0
3359.57286987	1491.91457397
3362.6531297	1500.0
3365.644278	1506.8711444
3369.75982903	1520.0
3372.47671333	1525.50465733
3377.43425239	1540.0
3379.73659701	1544.0526806
3385.70046387	1560.0
3387.3869265	1562.5226147
3394.54330688	1580.0
3395.30836131	1580.93832774
3400.0	1591.4201423
3402.38824303	1599.52235139
3402.48434497	1600.0
3408.79611628	1618.24077674
3409.18863957	1620.0
3416.20662935	1636.75867413
3417.01292636	1640.0
3425.01854061	1654.99629188
3426.41134119	1660.0
3436.13157632	1672.77368474
3438.36728804	1680.0
3458.09041676	1688.38191665
3461.34216809	1700.0
3466.41819433	1713.28363887
3466.41741242	1720.0
3466.41741242	1726.71651752
3477.17701846	1740.0
3477.17701846	1744.56459631
3500.0	1756.23769389
3504.3805529	1759.12388942
3504.67879728	1760.0
3504.67879728	1779.06424054
3505.19117427	1780.0
3505.19117427	1798.96176515
3507.75541297	1800.0
3507.75541297	1818.44891741
3507.75520078	1820.0
3507.75520078	1838.44895984
3507.75520078	1840.0
3507.75520078	1858.44895984
3507.75520078	1860.0
3507.75520078	1878.44895984
3507.75520078	1880.0
3507.75520078	1898.44895984
3507.75520078	1900.0
3507.75520078	1918.44895984
3507.75520078	1920.0
3507.75520078	1938.44895984
3507.75520078	1940.0
3507.75520078	1958.44895984
3507.75520078	1960.0
3507.75520078	1978.44895984
3507.75520078	1980.0
3507.75520078	1998.44895984
3507.75520078	2000.0
3507.75520078	2018.44895984
3507.75520078	2020.0
3507.75520078	2038.44895984
3507.75520078	2040.0
3507.75520078	2058.44895984
3507.75520078	2060.0
3507.75520078	2078.44895984
3507.75520078	2080.0
3507.75520078	2098.44895984
3507.75520078	2100.0
3507.75520078	2118.44895984
3507.75520078	2120.0
3507.75520078	2138.44895984
3507.75520078	2140.0
3507.75520078	2158.44895984
3507.75520078	2160.0
3507.75520078	2178.44895984
3507.75520078	2180.0
3507.75520078	2198.44895984
3507.75520078	2200.0
3507.75520078	2218.44895984
3507.75520078	2220.0
3507.75520078	2238.44895984
3507.75520078	2240.0
3507.75520078	2258.44895984
3507.75520078	2260.0
3507.75520078	2278.44895984
3507.75520078	2280.0
3507.75520078	2298.44895984
3507.75520078	2300.0
3507.75520078	2318.44895984
3507.75520078	2320.0
3507.75520078	2338.44895984
3507.75520078	2340.0
3507.75520078	2358.44895984
3507.75520078	2360.0
3507.75520078	2378.44895984
3507.75520078	2380.0
3507.75520078	2398.44895984
3507.75520078	2400.0
3507.75520078	2418.44895984
3507.75520078	2420.0
3507.75520078	2438.44895984
3507.75520078	2440.0
3507.75520078	2458.44895984
3507.75520078	2460.0
3507.75520078	2478.44895984
3507.75520078	2480.0
3507.75520078	2498.44895984
3507.75520078	2500.0
3507.75520078	2518.44895984
3507.75520078	2520.0
3507.75520078	2538.44895984
3507.75520078	2540.0
3507.75520078	2558.44895984
3507.75520078	2560.0
3507.75520078	2578.44895984
3507.75520078	2580.0
3507.75520078	2598.44895984
3507.75520078	2600.0
3507.75520078	2618.44895984
3507.75520078	2620.0
3507.75520078	2638.44895984
3507.75520078	2640.0
3507.75520078	2658.44895984
3507.75520078	2660.0
3507.75520078	2678.44895984
3507.75520078	2680.0
3507.75520078	2698.44895984
3507.75520078	2700.0
3507.75520078	2718.44895984
3507.75520078	2720.0
3507.75520078	2738.44895984
3507.75520078	2740.0
3507.75520078	2758.44895984
3507.75520078	2760.0
3507.75520078	2778.44895984
3507.75520078	2780.0
3507.75520078	2798.44895984
3507.75520078	2800.0
3507.75520078	2818.44895984
3507.75520078	2820.0
3507.75520078	2838.44895984
3507.75520078	2840.0
3507.75520078	2858.44895984
3507.75520078	2860.0
3507.75520078	2878.44895984
3507.75520078	2880.0
3507.75520078	2898.44895984
3507.75520078	2900.0
3507.75520078	2918.44895984
3507.75520078	2920.0
3507.75520078	2938.44895984
3507.75520078	2940.0
3507.75520078	2958.44895984
3507.75520078	2960.0
3507.75520078	2978.44895984
3507.75520078	2980.0
3507.75520078	2998.44895984
3507.75520078	3000.0
3507.75520078	103000.0
1600.0	103000.0
1600.0	-100.0
2025.95403384	-100.0
2025.95403384	-100.0
