1682.97441831	-100.0
2836.12931352	-100.0
2836.12932143	20.0
2836.12940086	32.7741198276
2836.12944023	40.0
2836.12978456	52.7740430882
2836.12995523	60.0
2836.13088282	72.7738234368
2836.13134258	80.0
2836.1333	92.7733399996
2836.13427025	100.0
2836.13783309	112.772433383
2836.13959932	120.0
2836.14547313	132.770905373
2836.14838571	140.0
2836.15740711	152.768518578
2836.16188228	160.0
2836.17502002	172.764995996
2836.18154131	180.0
2836.19989735	192.76002053
2836.20901741	200.0
2836.22135673	207.244271347
2836.24617076	220.0
2836.27880623	232.744238755
2836.29507079	240.0
2836.33703707	252.732592587
2836.35800029	260.0
2836.38450594	267.276901188
2836.43745986	280.0
2836.50314233	292.699371533
2836.53617285	300.0
2836.61650586	312.676698827
2836.65709062	320.0
2836.75410815	332.649178371
2836.80339836	340.0
2836.91925828	352.616148343
2836.97852116	360.0
2837.04904566	367.409809132
2837.18613071	380.0
2837.34661182	392.530677635
2837.43015223	400.0
2837.61662058	412.476675884
2837.71477199	420.0
2837.92979727	432.414040545
2838.04444518	440.0
2838.29066618	452.341866763
2838.42390424	460.0
2838.7040086	472.259198279
2838.85816754	480.0
2839.17486732	492.165026536
2839.35254862	500.0
2839.70855085	512.05828983
2839.91266564	520.0
2840.31063743	531.937872513
2840.54445129	540.0
2840.98697851	551.802604297
2841.25416307	560.0
2841.74370175	571.651259649
2842.0483937	580.0
2842.5872133	591.48255734
2842.93408192	600.0
2843.52419919	611.295160162
2843.91852331	620.0
2844.56162562	631.087674875
2845.00938115	640.0
2845.70673791	650.858652418
2846.21469723	660.0
2846.96705771	670.606588458
2847.54290225	680.0
2848.35037824	690.329924352
2849.0028258	700.0
2849.86475696	710.027048609
2850.60370543	720.0
2851.51850518	729.696298964
2852.35519458	740.0
2853.30482219	750.660964437
2854.26736873	760.0
2855.27853564	768.944292871
2856.35072929	780.0
2857.40255918	788.519488165
2858.61620432	800.0
2859.70137958	808.059724084
2861.07514512	820.0
2862.18425837	827.563148326
2863.7393173	840.0
2864.860534	847.0278932
2866.62088463	860.0
2867.73955964	866.452088071
2869.73238347	880.0
2870.83062534	885.833874931
2873.08668481	900.0
2874.14286066	905.171427867
2876.69694017	920.0
2877.68511305	924.462977389
2880.57650619	940.0
2881.46579561	943.706840878
2884.7388415	960.0
2888.61037403	977.722074807
2889.19736659	980.0
2889.77273694	982.045452612
2893.965275	1000.0
2894.31167113	1001.13766577
2899.05527919	1020.0
2900.0	1023.45164639
2902.54809804	1039.49038039
2902.61619136	1040.0
2905.85788887	1058.82842223
2906.02677326	1060.0
2909.40849253	1078.11830149
2909.70108518	1080.0
2913.21494304	1097.35701139
2913.65822891	1100.0
2917.29307155	1116.54138569
2917.91881033	1120.0
2921.65947752	1135.6681045
2922.50504271	1140.0
2926.33145439	1154.73370912
2927.44083074	1160.0
2931.32684404	1173.73463119
2932.75181334	1180.0
2936.66377946	1192.66724411
2938.46532823	1200.0
2942.36025095	1211.52794981
2944.61023405	1220.0
2948.43339121	1230.31332176
2951.21647843	1240.0
2954.89830431	1249.02033914
2958.31421348	1260.0
2961.76613925	1267.64677215
2965.93209672	1280.0
2969.04087561	1286.19182488
2974.09409458	1300.0
2976.71383091	1304.65723382
2982.8134429	1320.0
2984.75393946	1323.04921211
2992.08095922	1340.0
2993.08965981	1341.38206804
3000.0	1356.08269998
3003.56098351	1359.2878033
3004.11337377	1360.0
3022.81358193	1375.43728361
3026.52933871	1380.0
3041.9717039	1391.60565922
3049.12041831	1400.0
3060.73058182	1407.85388364
3071.47838628	1420.0
3078.63135993	1424.27372801
3092.93177502	1440.0
3094.9252895	1441.0149421
3100.0	1446.56528631
3112.31522519	1457.53695496
3114.06727291	1460.0
3131.54068282	1473.69186344
3136.26472632	1480.0
3143.96035858	1488.79207172
3158.84536327	1500.0
3169.93853975	1506.01229205
3180.96910307	1520.0
3187.65670098	1522.4686598
3200.0	1539.45850951
3200.4888522	1539.90222956
3200.55029932	1540.0
3221.55331166	1555.68933767
3224.40503247	1560.0
3244.31115567	1571.13776887
3250.24912276	1580.0
3260.53560204	1592.10712041
3282.07522403	1600.0
3282.07458673	1603.58508265
3294.12901395	1620.0
3294.12901395	1621.17419721
3300.0	1624.67471457
3319.87726483	1636.02454703
3321.97066437	1640.0
3348.49593513	1650.30081297
3353.3344565	1660.0
3353.3344565	1669.3331087
3362.52960124	1680.0
3362.52960124	1687.49407975
3400.0	1693.66236231
3411.45300261	1697.70939948
3412.24352411	1700.0
3413.50900043	1702.70180009
3413.50678748	1720.0
3413.50678748	1737.2986425
3416.31722055	1740.0
3416.31722055	1756.73655589
3425.17722029	1760.0
3425.17722029	1774.96455594
3425.17722029	1780.0
3425.17722029	1794.96455594
3425.17722029	1800.0
3425.17722029	1805.03544406
3425.17722029	1820.0
3425.17722029	1834.96455594
3425.17722029	1840.0
3425.17722029	1854.96455594
3425.17722029	1860.0
3425.17722029	1865.03544406
3425.17722029	1880.0
3425.17722029	1894.96455594
3425.17722029	1900.0
3425.17722029	1914.96455594
3425.17722029	1920.0
3425.17722029	1934.96455594
3425.17722029	1940.0
3425.17722029	1954.96455594
3425.17722029	1960.0
3425.17722029	1974.96455594
3425.17722029	1980.0
3425.17722029	1994.96455594
3425.17722029	2000.0
3425.17722029	2014.96455594
3425.17722029	2020.0
3425.17722029	2034.96455594
3425.17722029	2040.0
3425.17722029	2054.96455594
3425.17722029	2060.0
3425.17722029	2074.96455594
3425.17722029	2080.0
3425.17722029	2085.03544406
3425.17722029	2100.0
3425.17722029	2114.96455594
3425.17722029	2120.0
3425.17722029	2134.96455594
3425.17722029	2140.0
3425.17722029	2154.96455594
3425.17722029	2160.0
3425.17722029	2174.96455594
3425.17722029	2180.0
3425.17722029	2185.03544406
3425.17722029	2200.0
3425.17722029	2214.96455594
3425.17722029	2220.0
3425.17722029	2234.96455594
3425.17722029	2240.0
3425.17722029	2245.03544406
3425.17722029	2260.0
3425.17722029	2274.96455594
3425.17722029	2280.0
3425.17722029	2294.96455594
3425.17722029	2300.0
3425.17722029	2314.96455594
3425.17722029	2320.0
3425.17722029	2334.96455594
3425.17722029	2340.0
3425.17722029	2354.96455594
3425.17722029	2360.0
3425.17722029	2374.96455594
3425.17722029	2380.0
3425.17722029	2394.96455594
3425.17722029	2400.0
3425.17722029	2414.96455594
3425.17722029	2420.0
3425.17722029	2434.96455594
3425.17722029	2440.0
3425.17722029	2454.96455594
3425.17722029	2460.0
3425.17722029	2465.03544406
3425.17722029	2480.0
3425.17722029	2494.96455594
3425.17722029	2500.0
3425.17722029	2514.96455594
3425.17722029	2520.0
3425.17722029	2534.96455594
3425.17722029	2540.0
3425.17722029	2554.96455594
3425.17722029	2560.0
3425.17722029	2565.03544406
3425.17722029	2580.0
3425.17722029	2594.96455594
3425.17722029	2600.0
3425.17722029	2614.96455594
3425.17722029	2620.0
3425.17722029	2625.03544406
3425.17722029	2640.0
3425.17722029	2654.96455594
3425.17722029	2660.0
3425.17722029	2674.96455594
3425.17722029	2680.0
3425.17722029	2694.96455594
3425.17722029	2700.0
3425.17722029	2714.96455594
3425.17722029	2720.0
3425.17722029	2734.96455594
3425.17722029	2740.0
3425.17722029	2754.96455594
3425.17722029	2760.0
3425.17722029	2774.96455594
3425.17722029	2780.0
3425.17722029	2794.96455594
3425.17722029	2800.0
3425.17722029	2814.96455594
3425.17722029	2820.0
3425.17722029	2834.96455594
3425.17722029	2840.0
3425.17722029	2845.03544406
3425.17722029	2860.0
3425.17722029	2874.96455594
3425.17722029	2880.0
3425.17722029	2894.96455594
3425.17722029	2900.0
3425.17722029	2914.96455594
3425.17722029	2920.0
3425.17722029	2934.96455594
3425.17722029	2940.0
3425.17722029	2945.03544406
3425.17722029	2960.0
3425.17722029	2974.96455594
3425.17722029	2980.0
3425.17722029	2994.96455594
3425.17722029	3000.0
3425.17722029	103000.0
1600.0	103000.0
1600.0	-100.0
1682.97441831	-100.0
1682.97441831	-100.0
