1684.14511308	-100.0
2807.19149016	-100.0
2807.36901201	20.0
2807.86194824	38.4276103526
2807.90143111	40.0
2808.7153784	58.2569243199
2808.788308	60.0
2809.91281822	78.0174363565
2810.02891007	80.0
2811.44987464	97.7100250718
2811.62221119	100.0
2813.32193406	117.335613188
2813.56689124	120.0
2815.52416758	136.895166483
2815.86133552	140.0
2818.05153601	156.389692798
2818.50363402	160.0
2820.8987945	175.8202411
2821.49158047	180.0
2824.06049698	195.187900603
2824.82267135	200.0
2825.72466335	205.14493267
2828.49410462	220.0
2831.3044675	233.7391065
2832.50277838	240.0
2835.37487232	252.925025537
2836.84528928	260.0
2838.58057628	267.716115256
2841.51793077	280.0
2844.38145745	291.123708511
2846.5166912	300.0
2849.30466216	310.139067568
2851.83725159	320.0
2854.49885806	329.100228388
2857.47498332	340.0
2859.95711067	348.008577865
2863.42494551	360.0
2867.56737973	373.513475946
2869.68188217	380.0
2871.63717293	385.672565414
2876.24021913	400.0
2877.84424225	404.43115155
2883.0940607	420.0
2884.2858896	423.14282208
2890.23718605	440.0
2890.95431498	441.809137004
2897.66304538	460.0
2897.84154729	460.431690542
2900.0	466.045953521
2902.90302793	479.419394413
2903.02122206	480.0
2907.22486811	498.555026378
2907.53167759	500.0
2911.70036556	517.659926888
2912.21774562	520.0
2916.32747832	536.734504335
2917.07811969	540.0
2921.10407062	555.779185877
2922.11137956	560.0
2923.26659678	564.653319355
2927.31598218	580.0
2931.09664081	593.780671838
2932.69025207	600.0
2936.30781542	612.738436917
2938.23237094	620.0
2941.65884738	631.668230523
2943.94036652	640.0
2947.14702246	650.570595508
2949.81210062	660.0
2952.90859431	670.581718861
2955.84525626	680.0
2958.52323281	688.295353437
2962.03732396	700.0
2964.40509928	707.118980145
2968.38558715	720.0
2970.41175155	725.91764969
2974.8871066	740.0
2980.14693284	756.029386567
2981.53870389	760.0
2982.78516955	763.442966089
2988.33694407	780.0
2989.14432726	782.171134549
2995.27811735	800.0
2995.61303389	800.877393223
3000.0	813.314444645
3004.52498041	819.095003919
3005.1771137	820.0
3018.22587038	836.354825924
3020.90088931	840.0
3031.95880221	853.608239559
3036.7320614	860.0
3045.71128288	870.857743425
3052.65368984	880.0
3059.4709541	888.105809179
3068.64874079	900.0
3073.22562554	905.354874893
3084.70012611	920.0
3086.963316	922.607336801
3100.0	939.005363337
3100.53864204	939.892271591
3100.59897312	940.0
3111.54122358	957.691755285
3112.85655791	960.0
3122.60066889	975.479866222
3125.21989432	980.0
3133.7083388	993.25833224
3137.67825991	1000.0
3144.85551709	1011.02889658
3150.22064065	1020.0
3156.03344172	1028.79331166
3162.83575193	1040.0
3167.23334633	1046.55333073
3175.5120692	1060.0
3178.44651482	1064.31069704
3188.23787139	1080.0
3189.66435311	1082.06712938
3200.0	1098.41613461
3200.70097934	1099.85980413
3200.76359952	1100.0
3200.84033813	1100.16806763
3210.54966713	1120.0
3218.6895926	1136.26208148
3220.40790834	1140.0
3227.74440615	1154.45111877
3230.32963442	1160.0
3236.83000848	1172.6339983
3240.30574127	1180.0
3245.9390501	1190.81218998
3250.3267241	1200.0
3255.75551204	1211.15110241
3260.38270576	1220.0
3264.19768837	1227.16046233
3270.4634839	1240.0
3273.33247913	1245.33350417
3280.55860369	1260.0
3289.53101908	1277.90620382
3290.65746539	1280.0
3291.57761344	1281.68447731
3300.0	1298.50334635
3300.4942826	1299.90114348
3300.52619016	1300.0
3307.15151728	1318.56969654
3307.61723339	1320.0
3308.15557213	1321.63111443
3314.72000319	1340.0
3320.47145121	1355.90570976
3321.823547	1360.0
3327.11581018	1374.57683796
3328.91594887	1380.0
3330.99278295	1386.19855659
3335.98425703	1400.0
3340.32260894	1411.93547821
3343.01440784	1420.0
3346.86276387	1430.62744723
3349.99114588	1440.0
3353.34478568	1449.33104286
3356.8979391	1460.0
3359.75589622	1468.04882076
3363.7168871	1480.0
3368.22012012	1493.64402402
3370.4286195	1500.0
3372.31151289	1505.53769742
3377.01218008	1520.0
3378.42811236	1524.31437753
3383.44489477	1540.0
3384.41852	1543.116296
3389.70223738	1560.0
3390.26946162	1561.94610768
3395.75777598	1580.0
3395.96996272	1580.80600746
3400.0	1594.58546493
3401.03830977	1599.79233805
3401.07852204	1600.0
3404.64801222	1619.07039756
3404.8224637	1620.0
3407.97344118	1638.40531176
3408.26074788	1640.0
3410.93098639	1657.81380272
3411.30433199	1660.0
3413.38158996	1677.32368201
3413.80699781	1680.0
3414.95958445	1697.00808311
3415.39051258	1700.0
3415.77166641	1703.15433328
3415.76797071	1720.0
3415.76797071	1736.84640586
3416.05390945	1740.0
3416.05390945	1756.78921811
3416.12412119	1760.0
3416.12412119	1776.77517576
3416.12412119	1780.0
3416.12412119	1796.77517576
3416.12412119	1800.0
3416.12412119	1803.22482424
3416.12412119	1820.0
3416.12412119	1836.77517576
3416.12412119	1840.0
3416.12412119	1856.77517576
3416.12412119	1860.0
3416.12412119	1863.22482424
3416.12412119	1880.0
3416.12412119	1896.77517576
3416.12412119	1900.0
3416.12412119	1916.77517576
3416.12412119	1920.0
3416.12412119	1936.77517576
3416.12412119	1940.0
3416.12412119	1956.77517576
3416.12412119	1960.0
3416.12412119	1976.77517576
3416.12412119	1980.0
3416.12412119	1996.77517576
3416.12412119	2000.0
3416.12412119	2016.77517576
3416.12412119	2020.0
3416.12412119	2036.77517576
3416.12412119	2040.0
3416.12412119	2056.77517576
3416.12412119	2060.0
3416.12412119	2076.77517576
3416.12412119	2080.0
3416.12412119	2083.22482424
3416.12412119	2100.0
3416.12412119	2116.77517576
3416.12412119	2120.0
3416.12412119	2136.77517576
3416.12412119	2140.0
3416.12412119	2156.77517576
3416.12412119	2160.0
3416.12412119	2176.77517576
3416.12412119	2180.0
3416.12412119	2183.22482424
3416.12412119	2200.0
3416.12412119	2216.77517576
3416.12412119	2220.0
3416.12412119	2236.77517576
3416.12412119	2240.0
3416.12412119	2243.22482424
3416.12412119	2260.0
3416.12412119	2276.77517576
3416.12412119	2280.0
3416.12412119	2296.77517576
3416.12412119	2300.0
3416.12412119	2316.77517576
3416.12412119	2320.0
3416.12412119	2336.77517576
3416.12412119	2340.0
3416.12412119	2356.77517576
3416.12412119	2360.0
3416.12412119	2376.77517576
3416.12412119	2380.0
3416.12412119	2396.77517576
3416.12412119	2400.0
3416.12412119	2416.77517576
3416.12412119	2420.0
3416.12412119	2436.77517576
3416.12412119	2440.0
3416.12412119	2456.77517576
3416.12412119	2460.0
3416.12412119	2463.22482424
3416.12412119	2480.0
3416.12412119	2496.77517576
3416.12412119	2500.0
3416.12412119	2516.77517576
3416.12412119	2520.0
3416.12412119	2536.77517576
3416.12412119	2540.0
3416.12412119	2556.77517576
3416.12412119	2560.0
3416.12412119	2563.22482424
3416.12412119	2580.0
3416.12412119	2596.77517576
3416.12412119	2600.0
3416.12412119	2616.77517576
3416.12412119	2620.0
3416.12412119	2623.22482424
3416.12412119	2640.0
3416.12412119	2656.77517576
3416.12412119	2660.0
3416.12412119	2676.77517576
3416.12412119	2680.0
3416.12412119	2696.77517576
3416.12412119	2700.0
3416.12412119	2716.77517576
3416.12412119	2720.0
3416.12412119	2736.77517576
3416.12412119	2740.0
3416.12412119	2756.77517576
3416.12412119	2760.0
3416.12412119	2776.77517576
3416.12412119	2780.0
3416.12412119	2796.77517576
3416.12412119	2800.0
3416.12412119	2816.77517576
3416.12412119	2820.0
3416.12412119	2836.77517576
3416.12412119	2840.0
3416.12412119	2843.22482424
3416.12412119	2860.0
3416.12412119	2876.77517576
3416.12412119	2880.0
3416.12412119	2896.77517576
3416.12412119	2900.0
3416.12412119	2916.77517576
3416.12412119	2920.0
3416.12412119	2936.77517576
3416.12412119	2940.0
3416.12412119	2943.22482424
3416.12412119	2960.0
3416.12412119	2976.77517576
3416.12412119	2980.0
3416.12412119	2996.77517576
3416.12412119	3000.0
3416.12412119	103000.0
1600.0	103000.0
1600.0	-100.0
1684.14511308	-100.0
1684.14511308	-100.0
