2634.324695	-100
2634.360677	20
2634.432341	33.1135317
2634.468634	40
2634.587835	53.08243308
2634.64861	60
2634.814999	73.03700022
2634.900675	80
2635.113772	92.97724567
2635.224928	100
2635.484117	112.9031765
2635.621493	120
2635.926027	132.8147946
2636.090526	140
2636.439518	152.7120963
2636.632207	160
2637.024634	172.5950732
2637.246745	180
2637.681441	192.4637117
2637.934372	200
2638.410033	212.3179935
2638.695352	220
2639.210522	232.1578955
2639.529968	240
2639.883812	247.9767625
2640.438532	260
2641.027767	271.7944467
2641.421379	280
2642.044858	291.5910284
2642.478866	300
2643.134518	311.3730964
2643.611373	320
2644.296962	331.1406077
2644.819299	340
2645.532418	350.8935165
2646.103065	360
2646.84113	370.631774
2647.463107	380
2648.223353	390.3553293
2648.899878	400
2649.679352	410.0641297
2650.413842	420
2651.209396	429.7581209
2652.005477	440
2652.81376	449.437248
2653.675267	460
2654.60904	470.921808
2655.423699	480
2656.246543	488.7506915
2657.251262	500
2658.075495	508.384901
2659.158442	520
2659.979827	528.0040346
2661.145714	540
2661.959771	547.6080459
2663.213539	560
2664.015534	567.1968932
2665.362356	580
2666.147294	586.7705411
2667.592575	600
2668.35519	606.328962
2669.904566	620
2670.639311	625.8721379
2672.298654	640
2672.999689	645.4000622
2674.775101	660
2675.436289	664.9127423
2677.334098	680
2677.948991	684.4102019
2679.975747	700
2680.537581	703.8924839
2682.700046	720
2685.061665	737.012333
2685.506867	740
2685.940986	742.8118028
2688.395936	760
2688.754735	762.2490529
2691.366804	780
2691.642198	781.6715604
2694.418822	800
2694.602392	801.0795216
2697.551106	820
2697.634109	820.4731781
2700	835.2406205
2701.272579	839.7454842
2701.338065	840
2706.741586	858.6516828
2707.096739	860
2712.303897	877.5392206
2712.966942	880
2713.727138	882.7454277
2718.944439	900
2723.691773	915.2616455
2725.024478	920
2729.507984	934.0984032
2731.201728	940
2735.398728	952.9202545
2737.470232	960
2741.358159	971.7283682
2743.823344	980
2747.379915	990.524017
2750.25367	1000
2753.579453	1010.715891
2756.753012	1020
2759.582225	1028.083555
2763.312309	1040
2765.747311	1046.850538
2769.92159	1060
2771.943811	1065.611238
2776.569943	1080
2778.162722	1084.367456
2783.2455	1100
2784.394688	1103.121062
2789.935472	1120
2790.630191	1121.873962
2796.626234	1140
2800	1150.068447
2804.312831	1159.137434
2804.685304	1160
2812.979344	1177.404131
2814.105727	1180
2821.572554	1195.685489
2823.450168	1200
2830.074337	1213.985133
2832.693853	1220
2838.465734	1232.306853
2841.810113	1240
2846.727094	1250.654581
2850.77028	1260
2854.838301	1269.03234
2859.543601	1280
2862.779158	1287.444168
2868.097136	1300
2870.530019	1305.893996
2876.395673	1320
2878.072961	1324.385408
2884.401764	1340
2885.394289	1342.921142
2892.076551	1360
2892.491495	1361.501701
2899.385066	1380
2899.404038	1380.119192
2900	1381.826258
2901.109235	1380
2901.309496	1379.738101
2914.82764	1360
2917.640604	1356.471879
2929.860238	1340
2935.709915	1332.858017
2945.773367	1320
2954.907315	1309.018537
2962.216701	1300
2974.726187	1285.054763
2978.910632	1280
2994.758626	1261.048275
2995.635722	1260
2996.263756	1259.252751
3000	1254.745479
3002.85379	1240.570758
3002.97087	1240
3003.095383	1239.380923
3006.964325	1220
3007.250035	1218.549993
3010.909099	1200
3011.346589	1197.730682
3014.794594	1180
3015.373921	1176.925216
3018.612495	1160
3019.323463	1156.135307
3022.356364	1140
3023.188735	1135.362253
3026.02131	1120
3026.964951	1114.60701
3029.603704	1100
3030.648705	1093.870259
3033.100956	1080
3034.237708	1073.152458
3036.511319	1060
3037.730573	1052.453885
3039.833739	1040
3041.12664	1031.774672
3043.067718	1020
3044.844555	1008.968911
3046.213213	1000
3047.628516	990.4742968
3049.270544	980
3050.735453	969.8529094
3052.240321	960
3053.747669	949.2504662
3055.123381	940
3056.666415	928.666717
3057.920744	920
3059.493106	908.1013787
3060.633564	900
3062.229283	887.5541434
3063.263101	880
3064.876569	867.0246862
3065.810687	860
3067.436648	846.5126705
3068.277709	840
3069.911235	826.017753
3070.665583	820
3072.302063	805.5395874
3072.975744	800
3074.610861	785.0778278
3075.20963	780
3076.839346	764.6321307
3077.368673	760
3077.859566	755.5719132
3079.45429	740
3081.062125	723.787575
3081.467874	720
3083.059708	703.3880585
3083.410794	700
3083.737111	696.7474222
3085.284384	680
3086.835178	662.6329645
3087.089945	660
3088.616095	642.2767809
3088.828738	640
3089.02671	637.8053419
3090.501988	620
3091.971503	601.6056995
3092.110874	600
3092.240725	598.4481451
3093.656536	580
3095.060682	560.9878636
3095.140071	560
3096.508621	540.6982759
3096.562531	540
3096.612782	539.3225563
3097.924928	520
3099.217109	500.1565781
3099.228226	500
3100	487.6086802
3100.704235	499.8591529
3100.711975	500
3101.889337	519.6221325
3101.910989	520
3101.93408	520.3868161
3103.159949	540
3104.404513	559.1190974
3104.459161	560
3105.735043	578.8529914
3105.808936	580
3107.114507	598.5770986
3107.209589	600
3108.543136	618.2913728
3108.661433	620
3110.021157	637.9957685
3110.164783	640
3111.548796	657.6902408
3111.719951	660
3113.126269	677.3747461
3113.327241	680
3114.753787	697.0492425
3114.986954	700
3116.431549	716.7136902
3116.699377	720
3118.159738	736.3680524
3118.464785	740
3118.790187	743.7580374
3120.283435	760
3121.768049	775.6463902
3122.155564	780
3123.648438	795.2703124
3124.081381	800
3125.579781	814.8840439
3126.061065	820
3127.562134	834.4875732
3128.094758	840
3129.595513	854.0808973
3130.182557	860
3131.679887	873.6640225
3132.324511	880
3133.81517	893.2369661
3134.520605	900
3136.001212	912.7997576
3136.770759	920
3138.237794	932.3524413
3139.074812	940
3140.524613	951.8950774
3141.432511	960
3142.861275	971.4277449
3143.843499	980
3145.247279	990.9505441
3146.307298	1000
3147.44552	1009.489104
3148.823292	1020
3150.164696	1029.967061
3151.390711	1040
3152.694444	1049.461111
3154.008604	1060
3155.270166	1068.945967
3156.67582	1080
3157.890587	1088.421883
3159.390978	1100
3160.554212	1107.889158
3162.152435	1120
3163.259304	1127.348139
3164.958256	1140
3166.00385	1146.79923
3167.806174	1160
3168.785531	1166.242894
3170.693545	1180
3171.60169	1185.679662
3173.617308	1200
3174.449293	1205.110141
3176.573927	1220
3177.324888	1224.535022
3179.559337	1240
3180.224568	1243.955086
3182.568886	1260
3183.143927	1263.371215
3185.597267	1280
3186.078019	1282.784396
3188.638451	1300
3189.021328	1302.195734
3191.68562	1320
3191.967731	1321.606454
3194.731093	1340
3194.910491	1341.017902
3197.766268	1360
3197.842263	1360.431547
3200	1374.796704
3200.757215	1379.848557
3200.776844	1380
3200.797534	1380.159507
3203.747539	1400
3206.514531	1418.697094
3206.681861	1420
3209.327942	1438.134412
3209.565279	1440
3212.077408	1457.584518
3212.380572	1460
3214.743747	1477.051251
3215.107075	1480
3217.303476	1496.539305
3217.719562	1500
3218.142739	1503.628548
3220.18643	1520
3221.975859	1535.604828
3222.466482	1540
3223.99554	1555.200892
3224.502278	1560
3225.698861	1574.860228
3226.202396	1580
3226.867172	1594.626566
3227.34156	1600
3227.339547	1614.532091
3227.751035	1620
3228.054988	1625.610998
3228.054988	1640
3228.054988	1654.389003
3228.129038	1660
3228.129038	1674.374192
3228.129038	1680
3228.129038	1694.374192
3228.129038	1700
3228.129038	1714.374192
3228.129038	1720
3228.129038	1725.625808
3228.129038	1740
3228.129038	1754.374192
3228.129038	1760
3228.129038	1774.374192
3228.129038	1780
3228.129038	1794.374192
3228.129038	1800
3228.129038	1814.374192
3228.129038	1820
3228.129038	1834.374192
3228.129038	1840
3228.129038	1854.374192
3228.129038	1860
3228.129038	1865.625808
3228.129038	1880
3228.129038	1894.374192
3228.129038	1900
3228.129038	1914.374192
3228.129038	1920
3228.129038	1934.374192
3228.129038	1940
3228.129038	1954.374192
3228.129038	1960
3228.129038	1974.374192
3228.129038	1980
3228.129038	101980
600	101980
600	-100
2634.324695	-100
2634.324695	-100
