2484.77349502	-100.0
2552.79486028	-100.0
2552.79487098	20.0
2552.79495262	29.4410094761
2552.79503142	40.0
2552.79538539	49.4409229223
2552.79572702	60.0
2552.79668072	69.4406638554
2552.79760118	80.0
2552.79961408	89.4400771846
2552.80155688	100.0
2552.80522148	109.438955705
2552.80875889	120.0
2552.81480189	129.437039622
2552.82063666	140.0
2552.82992014	149.434015973
2552.8388878	160.0
2552.8524103	169.42951794
2552.86548226	180.0
2552.88437965	189.423124069
2552.90266715	200.0
2552.92821301	209.414357398
2552.95297217	220.0
2552.98657755	229.402684489
2553.01921586	240.0
2553.06242806	249.387514387
2553.10451233	260.0
2553.1590125	269.3681975
2553.21227883	280.0
2553.27987795	289.344024411
2553.34624395	300.0
2553.42887685	309.314224631
2553.51045656	320.0
2553.61017346	329.277965308
2553.70929535	340.0
2553.82825054	349.234349891
2553.94747922	360.0
2554.08791611	369.182416778
2554.23007831	380.0
2554.39431025	389.121137949
2554.56252566	400.0
2554.75291189	409.049417621
2554.95062972	420.0
2555.16954536	428.966090928
2555.40058735	440.0
2555.65038666	448.869922668
2555.91899763	460.0
2556.20196928	468.759606144
2556.5128761	480.0
2556.8311893	488.63376214
2557.18966964	500.0
2557.54530963	508.490938074
2557.95727172	520.0
2558.35196302	528.329607396
2558.82403802	540.0
2559.25915354	548.148169292
2559.79880208	560.0
2560.2752561	567.94494878
2560.89089099	580.0
2561.40901347	587.718197306
2562.1101406	600.0
2562.66953018	607.466093964
2563.46691004	620.0
2564.06626248	627.186747503
2564.97209482	640.0
2565.60900347	646.878199306
2566.63713811	660.0
2567.30786203	666.538427593
2568.47403903	680.0
2569.17323427	686.165353145
2570.49535697	700.0
2571.21576533	705.756846935
2572.71421022	720.0
2573.44629933	725.310740134
2575.1442671	740.0
2575.87581439	744.824837122
2577.79972654	760.0
2578.51533872	764.296932256
2580.69528483	780.0
2581.37584284	783.724831432
2583.84608342	800.0
2584.46810144	803.106379712
2587.26763138	820.0
2587.80251626	822.439496748
2590.97569361	840.0
2591.38888881	841.722222238
2594.98613262	860.0
2595.23612785	860.952774431
2599.31468731	880.0
2599.35187139	880.129625722
2600.0	882.91430302
2601.95303423	899.609393153
2601.99113319	900.0
2602.03455535	900.40691107
2604.53234261	920.0
2607.13509729	938.572980541
2607.30022904	940.0
2610.06052165	957.987895671
2610.31403147	960.0
2613.23191871	977.353616257
2613.59492369	980.0
2616.66836838	996.666326323
2617.16626288	1000.0
2620.39052753	1015.92189449
2621.05386837	1020.0
2624.42073239	1035.11585352
2625.28632793	1040.0
2628.78306707	1054.24338659
2629.8953217	1060.0
2633.50336229	1073.29932754
2634.9159401	1080.0
2638.60906005	1092.27818799
2640.38694314	1100.0
2644.12882833	1111.17423433
2646.35085178	1120.0
2649.1094828	1129.82189656
2652.85364388	1140.0
2656.52540874	1148.69491825
2659.94357495	1160.0
2663.45286886	1167.30942623
2667.66807953	1180.0
2670.88549806	1185.82290039
2676.06635714	1200.0
2678.80910208	1204.23817958
2685.15171412	1220.0
2687.15270154	1222.56945969
2694.86725915	1240.0
2695.71028618	1240.85794276
2700.0	1249.73455026
2704.9186045	1259.0162791
2705.25601989	1260.0
2715.82807426	1276.83438515
2717.02636416	1280.0
2728.11218922	1294.37756216
2730.45757101	1300.0
2742.17377487	1311.56524503
2746.00942426	1320.0
2759.1706736	1328.16586528
2764.71132057	1340.0
2776.57420014	1344.68515997
2783.42738916	1360.0
2783.42738916	1363.31452217
2796.34561236	1380.0
2796.34561236	1380.73087753
2800.0	1381.41840603
2843.81297802	1400.0
2843.8111489	1411.23777022
2849.22074216	1420.0
2849.22074216	1430.15585157
2862.35108598	1440.0
2862.35108598	1447.5297828
2900.0	1455.94639391
2907.40321655	1458.51935669
2908.22061802	1460.0
2908.22061802	1478.3558764
2909.82025125	1480.0
2925.52151832	1485.10430366
2925.52151832	1500.0
2925.52151832	1514.89569634
2925.51893773	1520.0
2925.51893773	1534.89621245
2925.51893773	1540.0
2925.51893773	1554.89621245
2925.51893773	1560.0
2925.51893773	1574.89621245
2925.51893773	1580.0
2925.51893773	1594.89621245
2925.51893773	1600.0
2925.51893773	1614.89621245
2925.51893773	1620.0
2925.51893773	1634.89621245
2925.51893773	1640.0
2925.51893773	1654.89621245
2925.51893773	1660.0
2925.51893773	1674.89621245
2925.51893773	1680.0
2925.51893773	1694.89621245
2925.51893773	1700.0
2925.51893773	1705.10378755
2925.51893773	1720.0
2925.51893773	1734.89621245
2925.51893773	1740.0
2925.51893773	1754.89621245
2925.51893773	1760.0
2925.51893773	1774.89621245
2925.51893773	1780.0
2925.51893773	1794.89621245
2925.51893773	1800.0
2925.51893773	1805.10378755
2925.51893773	1820.0
2925.51893773	1834.89621245
2925.51893773	1840.0
2925.51893773	1854.89621245
2925.51893773	1860.0
2925.51893773	1865.10378755
2925.51893773	1880.0
2925.51893773	1894.89621245
2925.51893773	1900.0
2925.51893773	1914.89621245
2925.51893773	1920.0
2925.51893773	1934.89621245
2925.51893773	1940.0
2925.51893773	1954.89621245
2925.51893773	1960.0
2925.51893773	1974.89621245
2925.51893773	1980.0
2925.51893773	1994.89621245
2925.51893773	2000.0
2925.51893773	2014.89621245
2925.51893773	2020.0
2925.51893773	2034.89621245
2925.51893773	2040.0
2925.51893773	2054.89621245
2925.51893773	2060.0
2925.51893773	2074.89621245
2925.51893773	2080.0
2925.51893773	2085.10378755
2925.51893773	2100.0
2925.51893773	2114.89621245
2925.51893773	2120.0
2925.51893773	2134.89621245
2925.51893773	2140.0
2925.51893773	2154.89621245
2925.51893773	2160.0
2925.51893773	2174.89621245
2925.51893773	2180.0
2925.51893773	2185.10378755
2925.51893773	2200.0
2925.51893773	2214.89621245
2925.51893773	2220.0
2925.51893773	2234.89621245
2925.51893773	2240.0
2925.51893773	2245.10378755
2925.51893773	2260.0
2925.51893773	2274.89621245
2925.51893773	2280.0
2925.51893773	2294.89621245
2925.51893773	2300.0
2925.51893773	2314.89621245
2925.51893773	2320.0
2925.51893773	2334.89621245
2925.51893773	2340.0
2925.51893773	2354.89621245
2925.51893773	2360.0
2925.51893773	2374.89621245
2925.51893773	2380.0
2925.51893773	2394.89621245
2925.51893773	2400.0
2925.51893773	2414.89621245
2925.51893773	2420.0
2925.51893773	2434.89621245
2925.51893773	2440.0
2925.51893773	2454.89621245
2925.51893773	2460.0
2925.51893773	2465.10378755
2925.51893773	2480.0
2925.51893773	2494.89621245
2925.51893773	2500.0
2925.51893773	2514.89621245
2925.51893773	2520.0
2925.51893773	2534.89621245
2925.51893773	2540.0
2925.51893773	2554.89621245
2925.51893773	2560.0
2925.51893773	2565.10378755
2925.51893773	2580.0
2925.51893773	2594.89621245
2925.51893773	2600.0
2925.51893773	2614.89621245
2925.51893773	2620.0
2925.51893773	2625.10378755
2925.51893773	2640.0
2925.51893773	2654.89621245
2925.51893773	2660.0
2925.51893773	2674.89621245
2925.51893773	2680.0
2925.51893773	2694.89621245
2925.51893773	2700.0
2925.51893773	2714.89621245
2925.51893773	2720.0
2925.51893773	2734.89621245
2925.51893773	2740.0
2925.51893773	2754.89621245
2925.51893773	2760.0
2925.51893773	2774.89621245
2925.51893773	2780.0
2925.51893773	2794.89621245
2925.51893773	2800.0
2925.51893773	2814.89621245
2925.51893773	2820.0
2925.51893773	2834.89621245
2925.51893773	2840.0
2925.51893773	2845.10378755
2925.51893773	2860.0
2925.51893773	2874.89621245
2925.51893773	2880.0
2925.51893773	2894.89621245
2925.51893773	2900.0
2925.51893773	2914.89621245
2925.51893773	2920.0
2925.51893773	2934.89621245
2925.51893773	2940.0
2925.51893773	2945.10378755
2925.51893773	2960.0
2925.51893773	2974.89621245
2925.51893773	2980.0
2925.51893773	2994.89621245
2925.51893773	3000.0
2925.51893773	103000.0
1600.0	103000.0
1600.0	-100.0
2484.77349502	-100.0
2484.77349502	-100.0
