600     1999
600     1

600     -99
2020    -99 

2580    -99

2580    1 
2590    50
2590    100
2590    150
2590    200 
2590    250
2590    300
2600    350
2600    400
2610    450
2610    500
2610    550
2620    600
2630    650
2645    700
2655    750
2670    800
2680    850
2690    900
2705    950
2720    1000
2730    1050
2740    1100
2750    1150
2760    1200
2780    1250
2790    1300
2800    1350
2820    1400

2820    1999

3010    1999

3015    1400
3020    1350
3040    1300
3050    1250
3060    1200
3070    1150
3080    1100
3085    1050
3090    1000
3095    950
3100    900


3100    900
3103    950
3105    1000
3110    1050
3115    1100
3130    1150
3140    1200
3150    1250
3160    1300
3170    1350
3180    1400

3180    1999

